2
340  20
280  64
340  110
400  64
END
2
400  140
460  95
520  140
460  184
END
4
340  110
400  140
460  95
400  65
END
3
220  95
280  65
340  110
280  140
END
1
340  110
280  140
340  170
400  140
END
3
460  95
520  140
580  110
520  65
END
2
220  185
280  140
220  95
160  140
END
4
280  215
340  260
280  290
220  245
END
3
160  140
100  170
160  215
220  185
END
1
220  185
160  215
220  245
280  215
END
4
280  140
220  185
280  215
340  170
END
3
280  360
220  335
280  290
340  320
END
2
580  110
520  140
580  170
640  140
END
3
400  140
340  170
400  215
460  185
END
2
340  170
280  215
340  260
400  215
END
1
280  290
340  320
400  290
340  260
END
4
400  290
340  260
400  215
460  245
END
1
460  245
400  215
460  185
520  215
END
4
520  140
460  185
520  215
580  170
END
3
460  245
520  290
580  255
520  215
END
2
460  245
400  290
460  335
520  290
END
3
340  320
400  290
460  335
405  360
END
2
220  245
160  290
220  335
280  290
END
4
220  245
160  215
105  260
160  290
END
1
340  500
515  590
340  680
160  590
END
4
400  530
520  440
640  500
520  590
END
3
160  590
280  530
160  440
40   500
END
1
640  500
700  470
580  410
520  440
END
4
40   500
160  440
100  410
-10   465
END
1
220  335
160  365
220  395
280  360
END
4
160  440
220  395
160  365
100  410
END
3
100  410
40   365
0    383
0    460
END
2
100  410
40   365
100  320
160  365
END
3
160  365
220  335
160  290
100  320
END
1
405  360
460  395
520  365
460  335
END
4
520  290
580  320
520  365
460  335
END
3
460  395
520  440
580  410
520  365
END
2
520  365
580  410
640  365
580  320
END
1
580  320
640  290
580  255
520  290
END
4
580  410
640  365
720  400
700  470
END
3
640  365
580  320
640  290
700  335
END
4
640  365
700  335
720  345
720  400
END
0
400  650
720  455
717  697
500  700
END
0
180  700
275  650
0    475
0    700
END
0
100  170
160  215
105  260
40   215
END
0
520  215
580  255
640  215
580  170
END
5
340  740
395  710
340  680
285  710
END